              precision    recall  f1-score   support

           0       0.80      0.88      0.84      1000
           1       1.00      0.96      0.98      1000
           2       0.82      0.81      0.82      1000
           3       0.90      0.87      0.88      1000
           4       0.77      0.87      0.81      1000
           5       0.90      0.97      0.94      1000
           6       0.76      0.63      0.69      1000
           7       0.96      0.87      0.91      1000
           8       0.96      0.97      0.97      1000
           9       0.94      0.96      0.95      1000

    accuracy                           0.88     10000
   macro avg       0.88      0.88      0.88     10000
weighted avg       0.88      0.88      0.88     10000
