              precision    recall  f1-score   support

           0       0.82      0.90      0.86      1000
           1       0.99      0.98      0.99      1000
           2       0.83      0.90      0.86      1000
           3       0.92      0.91      0.92      1000
           4       0.90      0.82      0.86      1000
           5       0.98      0.98      0.98      1000
           6       0.78      0.72      0.75      1000
           7       0.95      0.97      0.96      1000
           8       0.99      0.98      0.98      1000
           9       0.97      0.97      0.97      1000

    accuracy                           0.91     10000
   macro avg       0.91      0.91      0.91     10000
weighted avg       0.91      0.91      0.91     10000
